600132
600185
600293
300630
600856
601992
002941
002841
000413
600280
600086
002564
002137
300537
002840
300758
300750
300749
002470
600234
300175
600787
300110
600570
000413
300178
600737
600418
600668
601116
600160
002213
000897
000538
600487
002702
300666
000818
000018
300716
300108
300122
603555
300376
603038
000523
600609
600499
002037
603332
002082
600240
600240
603500
002405
300558
600882
300162
000818
000597
300223
601258
002239
000078
002205
000078
600216
002317
000739
600031
600118
601012
603358
600522
600211
002152
300284
601777
000980
300176
300104
300210
000048
600809
600096
002157
300045
600804
600360
603699
002873
601011
000927
600569
300174
603922
603610
603766
002129
000815
002129
300596
603556
601766
300773
300773
688299
603866
603658
603779
002587
300249
601238
002392
600137
601127
603777
002586
300220
300486
600815
603019
000799
000799
002123
603313
002665
601116
600071
600677
600189
603773
600370
300545
002791
002575
002838
603385
600610
600610
600528
600079
600478
603331
002405
603606
300588
600521
002331
600826
300370
601608
600370
000716
603823
603609
600322
002557
300037
002052
300218
000651
000541
300026
600122
600682
300124
002226
300460
300225
002331
601606
002331
002224
300104
300575
002845
600835
002569
600366
300104
603683
300837
002481
600061
688169
002261
300118
002547
603866
603555
603396
603345
002335
603317
603600
688567
002665
300803
600579
688116
603611
600238
600332
300803
300720
002456
600822
300601
600530
300630
603025
300756
000630
600671
600251
600398
600276
688567
002468
002408
000790
300876
600188
300124
002108
002411
000561
000561
002489
002352
603026
002838
603866
603517
600600
603557
603822
300529
002726
601727
603816
300678
002971
900948
002594
603773
002239
000007
000597
002899
300522
300522
002902
300587
002057
688101
603626
300302
002092
688126
603429
688068
600479
688068
300587
002331
002179
688101
002831
603967
300596
605196
603001
603605
002388
600418
600779
300263
000100
600213
300526
600661
601179
002621
002365
688408
603658
688162
600538
688321
600835
600170
002824
600416
603466
000016
601012
300482
836149
601012
000581
600177
603128
300586
603023
839729
601615
603332
002011
300301
300565
688390
688661
002907
300056
600759
002752
300919
000980
