600141
000156
002037
002055
002030
300220
600057
600850
002170
600569
002178
000662
002437
002364
300334
600875
600487
300190
300090
000977
002519
000729
600754
600060
002320
001696
600028
600684
600270
600265
300345
002653
300388
600872
300187
002203
002241
600398
600110
300265
000927
600290
002174
300212
600587
603077
300104
601928
002751
002468
601179
600573
002036
601766
300368
002583
300334
000715
002266
300393
300359
300367
000558
600986
002206
600567
603606
002628
300372
300168
002213
601186
002024
002296
001696
002505
002020
300130
002567
600247
300313
300335
600137
601872
600733
600592
002285
600853
300335
300365
300164
600654
600645
601111
600029
300021
600456
002671
002570
300359
300253
002729
600186
300372
600485
000673
000812
603636
300135
300189
300466
600376
600103
601311
002609
600332
000018
002131
300376
600265
002212
300211
002721
600765
601028
600853
600393
300347
300296
603366
000012
600696
600671
300156
300356
300207
600691
300264
002116
300028
000558
300262
002057
002456
601012
002018
600867
002168
600713
600530
600346
603778
000662
002431
600050
000673
002616
300161
002285
300370
603568
002506
002628
002780
600166
600068
600682
002518
600836
601608
600179
600530
600085
601015
002607
002298
000859
300131
600998
600340
600053
603003
002678
300265
002186
000018
600068
300104
600702
002431
002594
300094
000672
601933
601668
600297
300177
000892
300020
002555
600367
300075
002328
300426
600075
601186
000605
603023
603936
002551
600363
600831
002326
000826
002359
600182
601919
002121
300041
002717
601933
000898
000761
300210
600889
300397
002310
601390
300376
600781
000673
600771
300021
002717
603883
603567
600196
600351
603189
300001
300399
002680
300070
600318
300103
300001
300392
600491
002616
000038
600306
600571
002717
300145
600315
600050
600705
300091
601186
600380
300362
002310
300197
600764
300356
603869
002221
300338
600570
002310
600818
300197
300163
300500
300145
600499
600810
300281
300362
000533
600265
002153
000767
300007
002460
600197
603636
002205
600221
600530
300101
300363
300385
601179
600552
600074
300133
601186
002310
600792
600568
600610
600068
600351
600678
600401
002755
600810
300116
002293
603189
601800
603189
300560
002792
600038
002775
600422
600250
300116
002310
300255
601607
600196
600332
300328
600175
300222
300459
300420
002359
601777
600037
300569
603388
000010
300197
600718
300123
002310
300393
600594
002820
600512
002027
002155
603385
002310
300343
600797
300473
600666
002630
002781
603999
002390
603658
600228
002509
601018
000564
300037
600500
300116
002615
300146
300562
000018
600577
600393
300391
000869
000958
002130
600463
000732
300388
002226
002239
300072
000650
600778
002733
600654
603599
600340
601669
601113
300223
300262
002647
000625
000558
300116
002579
300262
603993
000612
600848
300197
600158
603599
601727
300348
600401
600803
300058
600281
300668
300202
600074
600346
300143
600271
300663
300072
300236
300272
600596
300649
603538
300438
601766
600208
600859
300225
600053
002310
601228
300676
600075
300647
300679
603566
000417
300199
600332
000651
603388
300665
002176
600401
600340
002787
300490
300055
603636
600624
300218
600576
603165
600882
300145
300332
300068
002750
300601
300709
603993
300084
300713
002506
300708
000673
600567
600737
600933
002761
300336
603168
300065
300708
300075
002864
603776
300266
600933
600567
000912
300262
603110
600381
300108
603501
601186
300091
002559
000935
002249
300378
603979
600884
300118
600518
000797
300017
002624
600100
002153
600690
300021
002717
300104
300104
600117
002194
300002
002671
300072
300496
601989
600781
603619
000509
600283
600729
002717
300621
600238
300459
601238
300302
601238
603877
300021
600057
300230
600060
300516
002354
300321
601599
300363
300117
002310
002199
300384
300585
300072
600057
002366
002255
300027
002259
300364
600307
300397
600702
600781
300375
002564
300104
300007
600735
300676
600771
300294
603801
002183
601599
300750
002509
300342
600080
002810
002253
300251
002044
300281
300198
600053
000908
002445
000543
000662
300482
002483
600584
300037
300715
300244
300202
300558
002209
300538
300094
002611
600462
600519
600166
603283
002701
603283
002228
300026
300605
000659
603977
600645
300467
600381
300595
600061
300014
300332
000923
603601
000739
300379
300133
000939
002359
300027
603355
000939
300601
000799
002456
600703
300567
600590
002564
600132
600185
600293
300630
600856
601992
002941
002841
000413
600280
600086
002564
002137
300537
002840
300750
300749
002470
600234
300175
600787
300110
600570
000413
300178
600737
600418
600668
601116
600160
002213
000897
000538
600487
002702
300666
000818
000018
300716
300108
300122
603555
300376
603038
000523
600609
600499
002037
603332
002082
600240
603500
002405
300558
600882
300162
000818
000597
300223
601258
002239
000078
002205
600216
002317
000739
600031
600118
601012
603358
600522
600211
002152
300284
601777
000980
300176
300210
000048
600809
600096
002157
300045
600804
600360
603699
002873
601011
000927
600569
300174
603922
603766
002129
000815
002129
300596
603556
601766
300773
688299
603866
603658
603779
002587
300249
601238
002392
600137
601127
603777
002586
300220
300486
600815
603019
000799
002123
603313
002665
601116
600071
600677
600189
603773
600370
300545
002791
002575
002838
603385
600528
600079
600478
603331
002405
603606
300588
600521
002331
600826
300370
601608
600370
000716
603823
603609
600322
002557
300037
002052
300218
000651
000541
300026
600122
600682
300124
002226
300460
300225
002331
601606
002331
002224
300575
002845
600835
002569
600366
300104
603683
300837
002481
600061
688169
002261
300118
002547
603866
603555
603396
603345
002335
603317
603600
688567
002665
300803
600579
688116
603611
600238
600332
300803
300720
002456
600822
300601
600530
300630
603025
300756
000630
600671
600251
600398
600276
688567
002468
002408
000790
300876
600188
300124
002108
002411
000561
002489
002352
603026
002838
603866
603517
600600
603557
603822
300529
002726
601727
603816
300678
002971
900948
002594
603773
002239
000007
000597
002899
300522
002902
300587
002057
688101
603626
300302
002092
688126
603429
688068
600479
688068
300587
002331
002179
688101
002831
603967
300596
605196
603001
603605
002388
600418
600779
300263
000100
600213
300526
600661
601179
002621
002365
688408
603658
688162
600538
688321
600835
600170
002824
600416
603466
000016
601012
300482
836149
601012
000581
600177
603128
300586
603023
839729
601615
603332
002011
300301
300565
688390
688661
002907
300056
600759
002752
300919
000980
